 P = [ 0 0.05 0.1 0.15 0.2 0.25 0.3 0.35 0.4 0.45 0.5 0.55 0.6 0.65 0.7 0.75 0.8 0.85 0.9 0.95 ]
 BER = [ 0 0.0102304 0.0373096 0.0768196 0.123326 0.172817 0.22134 0.270031 0.319865 0.366598 0.413921 0.461425 0.505932 0.550923 0.592864 0.634655 0.674445 0.7129 0.751725 0.789028 ]